         Planet Name  |   Pl. Mass  |     Pl. Period   |   Pl. Semi-axis  |   Pl. Ecc  |  Pl. Incl  |     Ang. Dist   |   St. Dist  |  St. Spec. Type  |  St. Mass  |  St. [Fe/H]  |  St. Right Asc.  |     St. Decli.   |  

            14 Her b  |      4.64   |         1773.4   |          2.77    |    0.369   |            |      0.153039   |      18.1   |         K0 V     |      0.9   |      0.43    |        16 10 23  |       +43 49 18  |  
          16 Cyg B b  |      1.68   |          799.5   |          1.68    |    0.689   |            |      0.078505   |      21.4   |       G2.5 V     |     0.99   |      0.08    |        19 41 51  |       +50 31 03  |  
            2M1207 b  |         5   |                  |            46    |            |            |      0.779661   |        59   |           M8     |    0.025   |              |        12 07 33  |       -39 32 54  |  
            47 Uma b  |       2.6   |         1083.2   |          2.11    |    0.049   |            |      0.158647   |      13.3   |          G0V     |     1.03   |      0.06    |        10 59 29  |       +40 25 46  |  
            47 Uma c  |      1.34   |           2594   |          7.73    |        0   |            |      0.581203   |      13.3   |          G0V     |     1.03   |      0.06    |        10 59 29  |       +40 25 46  |  
            51 Peg b  |     0.468   |        4.23077   |         0.052    |        0   |            |      0.003537   |      14.7   |        G2 IV     |     1.06   |      0.16    |        22 57 27  |       +20 46 07  |  
            55 Cnc b  |     0.784   |          14.67   |         0.115    |   0.0197   |            |      0.008582   |      13.4   |         G8 V     |     1.03   |      0.29    |        08 52 37  |       +28 20 02  |  
            55 Cnc c  |     0.217   |          43.93   |          0.24    |     0.44   |            |         0.018   |      13.4   |         G8 V     |     1.03   |      0.29    |        08 52 37  |       +28 20 02  |  
            55 Cnc d  |      3.92   |         4517.4   |         5.257    |    0.327   |            |         0.392   |      13.4   |         G8 V     |     1.03   |      0.29    |        08 52 37  |       +28 20 02  |  
            55 Cnc e  |     0.045   |           2.81   |         0.038    |    0.174   |            |         0.003   |      13.4   |         G8 V     |     1.03   |      0.29    |        08 52 37  |       +28 20 02  |  
            70 Vir b  |      7.44   |        116.689   |          0.48    |      0.4   |            |      0.021818   |        22   |         G4 V     |      1.1   |     -0.03    |        13 28 26  |       +13 47 12  |  
            AB Pic b  |      13.5   |                  |           275    |            |            |      6.030702   |      45.6   |         K2 V     |            |     -0.64    |        06 19 12  |       -58 03 15  |  
        BD-10 3166 b  |      0.48   |          3.488   |         0.046    |     0.07   |            |                 |             |         G4 V     |      1.1   |       0.5    |        10 58 28  |       -10 46 13  |  
   Epsilon Eridani b  |      1.55   |           2502   |          3.39    |    0.702   |    30.1    |      1.059375   |       3.2   |         K2 V     |     0.83   |      -0.1    |        03 32 55  |       -09 27 29  |  
      Gamma Cephei b  |      1.43   |         902.26   |          1.94    |      0.2   |            |      0.164407   |      11.8   |         K2 V     |     1.18   |         0    |        23 39 20  |       +77 37 56  |  
           GJ 3021 b  |      3.32   |         133.82   |          0.49    |    0.505   |            |      0.027809   |     17.62   |         G6 V     |      0.9   |       0.2    |        00 16 12  |       -79 51 04  |  
            GJ 436 b  |     0.067   |       2.644963   |        0.0278    |    0.207   |            |      0.002725   |      10.2   |         M2.5     |     0.41   |     -0.03    |        11 42 11  |       +26 42 23  |  
            Gj 849 b  |      0.82   |           1890   |          2.35    |     0.06   |            |      0.267045   |       8.8   |         M3.5     |     0.36   |              |        22 09 40  |       -04 38 27  |  
            Gl 581 b  |     0.056   |          5.366   |         0.041    |        0   |            |       0.00655   |      6.26   |           M3     |     0.31   |     -0.25    |        15 19 26  |       -07 43 20  |  
             Gl 86 b  |      4.01   |         15.766   |          0.11    |    0.046   |            |          0.01   |        11   |          K1V     |     0.79   |     -0.24    |        02 10 14  |       -50 50 00  |  
        Gliese 876 b  |     1.935   |          60.94   |       0.20783    |   0.0249   |      84    |      0.044032   |      4.72   |         M4 V     |     0.32   |      0.02    |        22 53 13  |       -14 15 13  |  
        Gliese 876 c  |      0.56   |           30.1   |          0.13    |     0.27   |      84    |      0.027542   |      4.72   |         M4 V     |     0.32   |      0.02    |        22 53 13  |       -14 15 13  |  
        Gliese 876 d  |     0.023   |        1.93776   |     0.0208067    |        0   |            |      0.004408   |      4.72   |         M4 V     |     0.32   |      0.02    |        22 53 13  |       -14 15 13  |  
            GQ Lup b  |      21.5   |                  |           103    |            |            |      0.735714   |       140   |         K7eV     |      0.7   |              |        15 49 12  |       -35 39 03  |  
          HAT--P-1 b  |      0.53   |        4.46529   |        0.0551    |     0.09   |    85.9    |      0.000396   |       139   |          GOV     |     1.12   |      0.13    |        22 57 47  |       +38 40 30  |  
         HD 101930 b  |       0.3   |          70.46   |         0.302    |     0.11   |            |          0.01   |     30.49   |         K1 V     |     0.74   |      0.17    |        11 43 30  |       -58 00 24  |  
         HD 102117 b  |      0.14   |          20.67   |         0.149    |     0.06   |            |      0.003548   |        42   |          G6V     |     0.95   |      0.18    |        11 44 50  |       -58 42 13  |  
         HD 102195 b  |     0.488   |        4.11434   |         0.049    |     0.06   |            |      0.001691   |     28.98   |          G8V     |    0.926   |     0.096    |        11 45 42  |       +02 49 17  |  
         HD 104985 b  |       6.3   |          198.2   |          0.78    |     0.03   |            |         0.008   |       102   |       G9 III     |      1.5   |     -0.35    |        12 05 15  |       +76 54 20  |  
         HD 106252 b  |      6.81   |           1500   |          2.61    |     0.54   |            |      0.069712   |     37.44   |           G0     |     1.05   |     -0.16    |        12 13 29  |       +10 02 29  |  
          HD 10647 b  |      0.91   |           1040   |           2.1    |     0.18   |            |         0.121   |      17.3   |          F8V     |     1.07   |     -0.03    |        01 42 29  |       -53 44 27  |  
          HD 10697 b  |      6.12   |       1077.906   |          2.13    |     0.11   |            |         0.071   |        30   |        G5 IV     |      1.1   |      0.15    |        01 44 55  |       +20 04 59  |  
         HD 107148 b  |      0.21   |         48.056   |         0.269    |     0.05   |            |      0.005244   |      51.3   |           G5     |     1.12   |     0.314    |        12 19 13  |       -03 19 11  |  
         HD 108147 b  |       0.4   |         10.901   |         0.104    |    0.498   |            |      0.002696   |     38.57   |      F8/G0 V     |     1.27   |       0.2    |        12 25 46  |       -64 01 19  |  
         HD 108874 b  |      1.36   |          395.4   |         1.051    |     0.07   |            |      0.015343   |      68.5   |           G5     |        1   |      0.14    |        12 30 26  |       +22 52 47  |  
         HD 108874 c  |     1.018   |         1605.8   |          2.68    |     0.25   |            |      0.039124   |      68.5   |           G5     |        1   |      0.14    |        12 30 26  |       +22 52 47  |  
         HD 109749 b  |      0.28   |           5.24   |        0.0635    |     0.01   |            |      0.001076   |        59   |        G3 IV     |      1.2   |      0.25    |        12 37 16  |       -40 48 43  |  
         HD 111232 b  |       6.8   |           1143   |          1.97    |      0.2   |            |         0.068   |        29   |          G8V     |     0.78   |     -0.36    |        12 48 51  |       -68 25 30  |  
         HD 114386 b  |      0.99   |            872   |          1.62    |     0.28   |            |         0.058   |        28   |         K3 V     |            |     -0.03    |        13 10 39  |       -35 03 17  |  
         HD 114729 b  |      0.82   |       1131.478   |          2.08    |     0.31   |            |         0.059   |        35   |         G3 V     |     0.93   |     -0.22    |        13 12 44  |       -31 52 24  |  
         HD 114762 b  |     11.02   |          83.89   |           0.3    |     0.34   |            |      0.010714   |        28   |          F9V     |     0.82   |      -0.5    |        13 12 19  |       +17 31 01  |  
         HD 114783 b  |      0.99   |            501   |           1.2    |      0.1   |            |         0.055   |        22   |           K0     |     0.92   |      0.33    |        13 12 43  |       -02 15 54  |  
         HD 117207 b  |      2.06   |        2627.08   |          3.78    |     0.16   |            |         0.115   |        33   |       G8VI/V     |     1.04   |      0.27    |        13 29 21  |       -35 34 15  |  
         HD 117618 b  |      0.19   |           52.2   |          0.28    |     0.39   |            |      0.007368   |        38   |          G2V     |     1.05   |      0.04    |        13 32 25  |       -47 16 16  |  
         HD 118203 b  |      2.13   |         6.1335   |          0.07    |    0.309   |            |       0.00079   |      88.6   |           K0     |     1.23   |       0.1    |        13 34 02  |       +53 43 42  |  
          HD 11964 b  |      0.11   |          37.82   |         0.229    |     0.15   |            |      0.006739   |     33.98   |           G5     |    1.125   |      0.17    |        01 57 09  |       -10 14 32  |  
          HD 11977 b  |      6.54   |            711   |          1.93    |      0.4   |            |      0.029023   |      66.5   |     G8.5 III     |     1.91   |     -0.21    |        01 54 56  |       -67 38 50  |  
         HD 121504 b  |      0.89   |           64.6   |          0.32    |     0.13   |            |         0.007   |     44.37   |         G2 V     |        1   |      0.16    |        13 57 17  |       -56 02 24  |  
         HD 122430 b  |      3.71   |         344.95   |          1.02    |     0.68   |            |      0.007556   |       135   |        K3III     |            |              |        14 02 22  |       -27 25 47  |  
          HD 12661 b  |       2.3   |          263.6   |          0.83    |     0.35   |            |         0.022   |     37.16   |         G6 V     |     1.07   |     0.293    |        02 04 34  |       +25 24 51  |  
          HD 12661 c  |      1.57   |         1444.5   |          2.56    |      0.2   |            |         0.069   |     37.16   |         G6 V     |     1.07   |     0.293    |        02 04 34  |       +25 24 51  |  
         HD 128311 b  |      2.18   |          448.6   |         1.099    |     0.25   |            |      0.066205   |      16.6   |           K0     |      0.8   |      0.08    |        14 36 00  |       +09 44 47  |  
         HD 128311 c  |      3.21   |            919   |          1.76    |     0.17   |            |      0.106024   |      16.6   |           K0     |      0.8   |      0.08    |        14 36 00  |       +09 44 47  |  
         HD 130322 b  |      1.08   |         10.724   |         0.088    |    0.048   |            |         0.003   |        30   |         K0 V     |     0.79   |     -0.02    |        14 47 32  |       -00 16 53  |  
          HD 13189 b  |        14   |          471.6   |          1.85    |     0.28   |            |          0.01   |       185   |        K2 II     |      4.5   |              |        02 09 40  |       +32 18 59  |  
         HD 134987 b  |      1.58   |            260   |          0.78    |     0.24   |            |         0.031   |        25   |         G5 V     |     1.05   |      0.23    |        15 13 28  |       -25 18 33  |  
         HD 136118 b  |      11.9   |           1209   |           2.3    |     0.37   |            |         0.044   |      52.3   |         F9 V     |     1.24   |    -0.065    |        15 18 55  |       -01 35 32  |  
         HD 141937 b  |       9.7   |         653.22   |          1.52    |     0.41   |            |         0.045   |     33.46   |      G2/G3 V     |        1   |      0.16    |        15 52 17  |       -18 26 09  |  
            HD 142 b  |         1   |        337.112   |          0.98    |     0.38   |            |         0.048   |      20.6   |        G1 IV     |      1.1   |      0.04    |        00 06 19  |       -49 04 30  |  
       HD 142022 A b  |       4.4   |           1923   |           2.8    |     0.57   |            |         0.078   |     35.87   |         K0 V     |     0.99   |      0.19    |        16 10 15  |       -84 13 53  |  
         HD 142415 b  |      1.62   |          386.3   |          1.05    |      0.5   |            |         0.031   |      34.2   |         G1 V     |     1.03   |      0.21    |        15 57 40  |       -60 12 00  |  
         HD 147513 b  |         1   |          540.4   |          1.26    |     0.52   |            |         0.098   |      12.9   |       G3/G5V     |     0.92   |     -0.03    |        16 24 01  |       -39 11 34  |  
         HD 149026 b  |      0.36   |         2.8766   |         0.042    |        0   |    85.3    |      0.000532   |      78.9   |        G0 IV     |      1.3   |      0.36    |        16 30 29  |       +38 20 50  |  
         HD 149143 b  |      1.33   |          4.072   |         0.053    |    0.016   |            |      0.000841   |        63   |        G0 IV     |     1.21   |      0.26    |        16 32 51  |       +02 05 05  |  
         HD 150706 b  |         1   |            264   |          0.82    |     0.38   |            |          0.03   |      27.2   |           G0     |     0.94   |     -0.13    |        16 31 17  |       +79 47 23  |  
         HD 154857 b  |       1.8   |          398.5   |          1.11    |     0.51   |            |         0.016   |      68.5   |          G5V     |     1.17   |     -0.23    |        17 11 15  |       -56 40 50  |  
         HD 160691 b  |      1.67   |          654.5   |           1.5    |     0.31   |            |      0.098039   |      15.3   |      G3 IV-V     |     1.08   |      0.28    |        17 44 08  |       -51 50 02  |  
         HD 160691 c  |       3.1   |           2986   |          4.17    |     0.57   |            |      0.272549   |      15.3   |      G3 IV-V     |     1.08   |      0.28    |        17 44 08  |       -51 50 02  |  
         HD 160691 d  |     0.044   |           9.55   |          0.09    |        0   |            |      0.005882   |      15.3   |      G3 IV-V     |     1.08   |      0.28    |        17 44 08  |       -51 50 02  |  
         HD 160691 e  |     0.522   |         310.55   |         0.921    |   0.0666   |            |      0.060196   |      15.3   |      G3 IV-V     |     1.08   |      0.28    |        17 44 08  |       -51 50 02  |  
          HD 16141 b  |      0.23   |          75.56   |          0.35    |     0.21   |            |          0.01   |      35.9   |        G5 IV     |        1   |      0.22    |        02 35 19  |       -03 33 38  |  
         HD 162020 b  |     13.75   |       8.428198   |         0.072    |    0.277   |            |         0.002   |     31.26   |         K2 V     |      0.7   |      0.01    |        17 50 38  |       -40 19 06  |  
         HD 164922 b  |      0.36   |           1155   |          2.11    |     0.05   |            |      0.096215   |     21.93   |          K0V     |     0.94   |      0.17    |        18 02 30  |       +26 18 46  |  
         HD 168443 b  |      7.48   |        58.1112   |          0.29    |     0.53   |            |      0.008788   |        33   |           G5     |     0.96   |       0.1    |        18 20 04  |       -09 35 34  |  
         HD 168443 c  |     16.87   |         1765.8   |          2.84    |    0.222   |            |      0.086061   |        33   |           G5     |     0.96   |       0.1    |        18 20 04  |       -09 35 34  |  
         HD 168746 b  |      0.23   |          6.403   |         0.065    |    0.081   |            |         0.002   |     43.12   |           G5     |     0.92   |     -0.07    |        18 21 49  |       -11 55 21  |  
         HD 169830 b  |      2.88   |         225.62   |          0.81    |     0.31   |            |      0.022302   |     36.32   |         F8 V     |      1.4   |      0.21    |        18 27 49  |       -29 49 00  |  
         HD 169830 c  |      4.04   |           2102   |           3.6    |     0.33   |            |      0.099119   |     36.32   |         F8 V     |      1.4   |      0.21    |        18 27 49  |       -29 49 00  |  
         HD 177830 b  |      1.28   |            391   |             1    |     0.43   |            |         0.017   |        59   |           K0     |     1.17   |         0    |        19 05 20  |       +25 55 14  |  
       HD 178911 B b  |     6.292   |         71.487   |          0.32    |   0.1243   |            |         0.007   |     46.73   |           G5     |     0.87   |      0.28    |        19 09 03  |       +34 35 59  |  
         HD 179949 b  |      0.95   |         3.0925   |         0.045    |    0.022   |            |      0.001667   |        27   |         F8 V     |     1.28   |      0.22    |        19 15 33  |       -24 10 45  |  
         HD 183263 b  |      3.69   |         634.23   |          1.52    |     0.38   |            |      0.028679   |        53   |         G2IV     |     1.17   |       0.3    |        19 28 24  |       +08 21 28  |  
         HD 185269 b  |      0.94   |          6.838   |         0.077    |      0.3   |            |      0.001638   |        47   |         G0IV     |     1.28   |      0.11    |        19 37 12  |       +28 30 00  |  
         HD 187085 b  |      0.75   |            986   |          2.05    |     0.47   |            |      0.045576   |     44.98   |         G0 V     |     1.22   |      0.05    |        19 49 33  |       -37 46 50  |  
         HD 187123 b  |      0.52   |          3.097   |         0.042    |     0.03   |            |       0.00084   |        50   |           G5     |     1.06   |      0.16    |        19 46 57  |       +34 25 15  |  
         HD 188015 b  |      1.26   |         456.46   |          1.19    |     0.15   |            |         0.023   |      52.6   |         G5IV     |     1.08   |      0.29    |        19 52 04  |       +28 06 01  |  
        HD 188753A b  |      1.14   |         3.3481   |        0.0446    |        0   |            |      0.000995   |     44.82   |           K0     |     1.06   |              |        19 54 58  |       +41 52 17  |  
         HD 189733 b  |      1.15   |       2.218573   |        0.0313    |        0   |   85.79    |      0.001622   |      19.3   |        K1-K2     |      0.8   |     -0.03    |        20 00 43  |       +22 42 39  |  
         HD 190228 b  |      4.99   |           1127   |          2.31    |     0.43   |            |         0.035   |     66.11   |         G5IV     |      1.3   |     -0.24    |        20 03 00  |       +28 18 24  |  
         HD 190360 b  |     1.502   |           2891   |          3.92    |     0.36   |            |      0.246696   |     15.89   |        G6 IV     |     0.96   |      0.24    |        20 03 37  |       +29 53 48  |  
         HD 190360 c  |     0.057   |           17.1   |         0.128    |     0.01   |            |      0.008055   |     15.89   |        G6 IV     |     0.96   |      0.24    |        20 03 37  |       +29 53 48  |  
         HD 192263 b  |      0.72   |         24.348   |          0.15    |        0   |            |      0.007538   |      19.9   |         K2 V     |     0.79   |      -0.2    |        20 13 59  |       -00 52 00  |  
         HD 195019 b  |      3.67   |        18.2008   |         0.138    |    0.014   |            |        0.0069   |        20   |      G3 IV-V     |     1.06   |      0.08    |        20 28 17  |       +18 46 12  |  
         HD 196050 b  |         3   |           1289   |           2.5    |     0.28   |            |      0.053305   |      46.9   |         G3 V     |      1.1   |         0    |        20 37 51  |       -60 38 04  |  
         HD 196885 b  |      1.84   |            386   |          1.12    |      0.3   |            |         0.034   |        33   |         F8IV     |     1.27   |     -0.39    |        20 39 51  |       +11 14 58  |  
          HD 19994 b  |         2   |            454   |           1.3    |      0.2   |            |         0.058   |     22.38   |         F8 V     |     1.35   |      0.23    |        03 12 46  |       -01 11 45  |  
         HD 202206 b  |      17.4   |         255.87   |          0.83    |    0.435   |            |         0.018   |     46.34   |         G6 V     |     1.15   |      0.37    |        21 14 57  |       -20 47 21  |  
         HD 202206 c  |      2.44   |         1383.4   |          2.55    |    0.267   |            |         0.055   |     46.34   |         G6 V     |     1.15   |      0.37    |        21 14 57  |       -20 47 21  |  
          HD 20367 b  |      1.07   |            500   |          1.25    |     0.23   |            |         0.046   |        27   |           G0     |     1.04   |       0.1    |        03 17 40  |       +31 07 37  |  
           HD 2039 b  |      4.85   |       1192.582   |          2.19    |     0.68   |            |         0.024   |      89.8   |   G2/G3 IV-V     |     0.98   |       0.1    |        00 24 20  |       -56 39 00  |  
          HD 20782 b  |       1.8   |         585.86   |          1.36    |     0.92   |            |      0.037757   |     36.02   |         G2 V     |        1   |     -0.05    |        03 20 03  |       -28 51 14  |  
         HD 208487 b  |      0.45   |            123   |          0.49    |     0.32   |            |      0.010889   |        45   |          G2V     |      1.3   |     -0.06    |        21 57 19  |       -37 45 49  |  
         HD 209458 b  |      0.69   |     3.52474859   |         0.045    |     0.07   |   86.93    |      0.000957   |        47   |         G0 V     |     1.01   |      0.04    |        22 03 10  |       +18 53 04  |  
         HD 210277 b  |      1.23   |          442.1   |           1.1    |    0.472   |            |          0.05   |        22   |           G0     |     0.92   |      0.19    |        22 09 29  |       -07 32 32  |  
         HD 212301 b  |      0.45   |          2.457   |         0.036    |        0   |            |      0.000683   |      52.7   |         F8 V     |     1.05   |     -0.18    |        22 27 30  |       -77 43 04  |  
         HD 213240 b  |       4.5   |            951   |          2.03    |     0.45   |            |          0.05   |     40.75   |        G4 IV     |     1.22   |      0.23    |        22 31 00  |       -49 25 59  |  
         HD 216435 b  |      1.49   |       1442.919   |           2.7    |     0.34   |            |         0.081   |      33.3   |         G0 V     |     1.25   |      0.15    |        22 53 37  |       -48 35 53  |  
         HD 216437 b  |       2.1   |           1294   |           2.7    |     0.34   |            |         0.102   |      26.5   |      G4 IV-V     |     1.07   |         0    |        22 54 39  |       -70 04 25  |  
         HD 216770 b  |      0.65   |         118.45   |          0.46    |     0.37   |            |         0.012   |        38   |         K1 V     |      0.9   |      0.23    |        22 55 53  |       -26 39 31  |  
         HD 217107 b  |      1.33   |        7.12689   |         0.073    |    0.132   |            |      0.001973   |        37   |        G8 IV     |     1.02   |      0.37    |        22 58 15  |       -02 23 42  |  
         HD 217107 c  |       2.5   |           3352   |          4.41    |    0.537   |            |      0.119189   |        37   |        G8 IV     |     1.02   |      0.37    |        22 58 15  |       -02 23 42  |  
         HD 219449 b  |       2.9   |            182   |           0.3    |            |            |      0.006667   |        45   |       K0 III     |            |    -0.085    |        23 15 53  |       -09 05 15  |  
         HD 222582 b  |      5.11   |            572   |          1.35    |     0.76   |            |         0.032   |        42   |           G5     |        1   |     -0.01    |        23 41 51  |       -05 59 08  |  
         HD 224693 b  |      0.71   |          26.73   |         0.233    |     0.05   |            |      0.002479   |        94   |         G2IV     |     1.33   |     0.343    |        23 59 54  |       -22 25 41  |  
          HD 23079 b  |      2.61   |        738.459   |          1.65    |      0.1   |            |         0.047   |      34.8   |      F8/G0 V     |      1.1   |     -0.24    |        03 39 43  |       -52 54 57  |  
          HD 23596 b  |      7.19   |           1558   |          2.72    |    0.314   |            |         0.052   |        52   |           F8     |     1.27   |      0.32    |        03 48 00  |       +40 31 50  |  
           HD 2638 b  |      0.48   |         3.4442   |         0.044    |        0   |            |      0.000819   |     53.71   |           G5     |     0.93   |      0.16    |        00 29 59  |       -05 45 50  |  
          HD 27442 b  |      1.28   |        423.841   |          1.18    |     0.07   |            |      0.065193   |      18.1   |      K2 IV a     |      1.2   |       0.2    |        04 16 29  |       -59 18 07  |  
          HD 27894 b  |      0.62   |         17.991   |         0.122    |    0.049   |            |      0.002879   |     42.37   |         K2 V     |     0.75   |       0.3    |        04 20 47  |       -59 24 39  |  
          HD 28185 b  |       5.7   |            383   |          1.03    |     0.07   |            |         0.026   |      39.4   |           G5     |     0.99   |      0.24    |        04 26 26  |       -10 33 02  |  
          HD 30177 b  |      9.17   |       2819.654   |          3.86    |      0.3   |            |          0.07   |        55   |         G8 V     |     0.95   |      0.25    |        04 41 54  |       -58 01 14  |  
         HD 330075 b  |      0.76   |          3.369   |         0.043    |        0   |            |      0.000857   |      50.2   |           G5     |     0.95   |      0.03    |        15 49 37  |       -49 57 48  |  
          HD 33283 b  |      0.33   |         18.179   |         0.168    |     0.48   |            |      0.001953   |        86   |          G3V     |     1.24   |     0.366    |        05 08 01  |       -26 47 50  |  
          HD 33564 b  |       9.1   |            388   |           1.1    |     0.34   |            |      0.052431   |     20.98   |         F6 V     |     1.25   |     -0.12    |        05 22 33  |       +79 13 52  |  
          HD 33636 b  |      9.28   |       2447.292   |          3.56    |     0.53   |            |         0.124   |      28.7   |         G0 V     |     0.99   |     -0.13    |        05 11 46  |       +04 24 12  |  
          HD 34445 b  |      0.58   |            126   |          0.51    |      0.4   |            |         0.011   |        48   |           G0     |     1.11   |     -0.01    |        05 17 40  |       +07 21 12  |  
           HD 3651 b  |       0.2   |          62.23   |         0.284    |     0.63   |            |      0.025818   |        11   |         K0 V     |     0.79   |      0.05    |        00 39 21  |       +21 15 01  |  
          HD 37124 b  |      0.61   |         154.46   |          0.53    |    0.055   |            |      0.016061   |        33   |         G4 V     |     0.91   |     -0.32    |        05 37 02  |       +20 43 50  |  
          HD 37124 c  |     0.683   |           2295   |          3.19    |      0.2   |            |      0.096667   |        33   |         G4 V     |     0.91   |     -0.32    |        05 37 02  |       +20 43 50  |  
          HD 37124 d  |       0.6   |          843.6   |          1.64    |     0.14   |            |      0.049697   |        33   |         G4 V     |     0.91   |     -0.32    |        05 37 02  |       +20 43 50  |  
          HD 37605 b  |       2.3   |             55   |          0.25    |    0.677   |            |      0.005828   |      42.9   |          K0V     |      0.8   |      0.39    |        05 40 01  |       +06 03 38  |  
          HD 38529 b  |      0.78   |         14.309   |         0.129    |     0.29   |            |         0.003   |     42.43   |        G4 IV     |     1.39   |     0.313    |        05 46 34  |       +01 10 05  |  
          HD 38529 c  |      12.7   |         2174.3   |          3.68    |     0.36   |            |         0.087   |     42.43   |        G4 IV     |     1.39   |     0.313    |        05 46 34  |       +01 10 05  |  
          HD 39091 b  |     10.35   |       2063.818   |          3.29    |     0.62   |            |          0.16   |     20.55   |        G1 IV     |      1.1   |      0.09    |        05 37 09  |       -80 28 08  |  
          HD 40979 b  |      3.32   |          267.2   |         0.811    |     0.23   |            |         0.024   |      33.3   |         F8 V     |     1.08   |     0.194    |        06 04 29  |       +44 15 37  |  
        HD 41004 A b  |       2.3   |            655   |          1.31    |     0.39   |            |         0.031   |      42.5   |         K1 V     |      0.7   |     -0.09    |        05 59 49  |       -48 14 22  |  
        HD 41004 B b  |      18.4   |         1.3283   |        0.0177    |    0.081   |            |      0.000411   |     43.03   |           M2     |      0.4   |     -0.01    |        05 59 50  |        48 14 23  |  
           HD 4203 b  |      1.65   |        400.944   |          1.09    |     0.46   |            |         0.014   |      77.5   |           G5     |     1.06   |      0.22    |        00 44 41  |       +20 26 56  |  
           HD 4208 b  |       0.8   |        812.197   |          1.67    |     0.05   |            |         0.049   |      33.9   |         G5 V     |     0.93   |     -0.24    |        00 44 26  |       -26 30 56  |  
           HD 4308 b  |     0.047   |          15.56   |         0.114    |        0   |            |      0.005205   |      21.9   |         G5 V     |     0.83   |     -0.31    |        00 44 39  |       -65 38 58  |  
          HD 45350 b  |      1.79   |         890.76   |          1.92    |    0.778   |            |      0.039184   |        49   |        G5 IV     |     1.02   |      0.29    |        06 28 45  |       +38 57 46  |  
          HD 46375 b  |     0.249   |          3.024   |         0.041    |     0.04   |            |         0.001   |      33.4   |        K1 IV     |        1   |      0.25    |        06 33 12  |       +05 27 46  |  
          HD 47536 b  |      4.96   |         712.13   |          1.61    |      0.2   |            |      0.013266   |    121.36   |       K1 III     |      1.1   |              |        06 37 47  |       -32 20 23  |  
          HD 49674 b  |      0.11   |          4.948   |        0.0568    |     0.16   |            |      0.001396   |      40.7   |         G5 V     |        1   |      0.25    |        06 51 30  |       +40 52 03  |  
          HD 50499 b  |      1.71   |         2582.7   |          3.86    |     0.23   |            |      0.081676   |     47.26   |         G IV     |     1.27   |      0.23    |        06 52 02  |       -33 54 56  |  
          HD 50554 b  |       4.9   |           1279   |          2.38    |     0.42   |            |         0.077   |     31.03   |           F8     |      1.1   |      0.02    |        06 54 42  |       +24 14 44  |  
          HD 52265 b  |      1.13   |         118.96   |          0.49    |     0.29   |            |         0.017   |        28   |         G0 V     |     1.13   |      0.11    |        07 00 18  |       -05 22 01  |  
          HD 59686 b  |      5.25   |            303   |         0.911    |        0   |            |      0.009902   |        92   |       K2 III     |            |              |        07 31 48  |       +17 05 09  |  
          HD 62509 b  |       2.9   |         589.64   |          1.69    |     0.02   |            |      0.163443   |     10.34   |       K0IIIb     |     1.86   |      0.19    |        07 45 18  |       +28 01 34  |  
          HD 63454 b  |      0.38   |        2.81782   |         0.036    |        0   |            |      0.001006   |      35.8   |         K4 V     |      0.8   |      0.11    |        07 39 21  |       -78 16 44  |  
           HD 6434 b  |      0.48   |          22.09   |          0.15    |      0.3   |            |         0.004   |     40.32   |        G3 IV     |        1   |     -0.52    |        01 04 40  |       -39 29 17  |  
          HD 65216 b  |      1.21   |          613.1   |          1.37    |     0.41   |            |          0.04   |      34.3   |         G5 V     |     0.92   |     -0.12    |         07 53 4  |       -63 38 50  |  
          HD 66428 b  |      2.82   |           1973   |          3.18    |    0.465   |            |      0.057818   |        55   |           G5     |    1.146   |      0.31    |        08 03 28  |       -01 09 45  |  
          HD 68988 b  |       1.9   |          6.276   |         0.071    |     0.14   |            |         0.001   |        58   |           G0     |      1.2   |      0.24    |        08 18 22  |       +61 27 38  |  
          HD 69830 b  |     0.033   |          8.667   |        0.0785    |      0.1   |            |       0.00623   |      12.6   |          K0V     |     0.86   |     -0.05    |        08 18 23  |       -12 37 55  |  
          HD 69830 c  |     0.038   |          31.56   |         0.186    |     0.13   |            |      0.014762   |      12.6   |          K0V     |     0.86   |     -0.05    |        08 18 23  |       -12 37 55  |  
          HD 69830 d  |     0.058   |            197   |          0.63    |     0.07   |            |          0.05   |      12.6   |          K0V     |     0.86   |     -0.05    |        08 18 23  |       -12 37 55  |  
          HD 70642 b  |         2   |           2231   |           3.3    |      0.1   |            |         0.114   |        29   |      G5 IV-V     |        1   |      0.16    |        08 21 28  |       -39 42 19  |  
          HD 72659 b  |      2.96   |         3177.4   |          4.16    |      0.2   |            |      0.080934   |      51.4   |         GO V     |     0.95   |     -0.14    |        08 34 03  |       -01 34 05  |  
          HD 73256 b  |      1.87   |        2.54858   |         0.037    |     0.03   |            |      0.001014   |      36.5   |        G8/K0     |     1.05   |      0.29    |        08 36 23  |       -30 02 15  |  
          HD 73526 b  |       2.9   |          188.3   |          0.66    |     0.19   |            |      0.006667   |        99   |         G6 V     |     1.02   |      0.28    |        08 37 16  |       -41 19 08  |  
          HD 73526 c  |       2.5   |          377.8   |          1.05    |     0.14   |            |      0.010606   |        99   |         G6 V     |     1.02   |      0.28    |        08 37 16  |       -41 19 08  |  
          HD 74156 b  |      1.86   |         51.643   |         0.294    |    0.636   |            |         0.005   |     64.56   |           G0     |     1.05   |      0.13    |        08 42 25  |       +04 34 41  |  
          HD 74156 c  |      6.17   |           2025   |           3.4    |    0.583   |            |         0.053   |     64.56   |           G0     |     1.05   |      0.13    |        08 42 25  |       +04 34 41  |  
          HD 75289 b  |      0.42   |           3.51   |         0.046    |    0.054   |            |         0.002   |     28.94   |         G0 V     |     1.05   |      0.29    |        08 47 40  |       -41 44 12  |  
          HD 76700 b  |     0.197   |          3.971   |         0.049    |     0.13   |            |      0.000821   |      59.7   |         G6 V     |        1   |      0.14    |        08 53 55  |       -66 48 03  |  
          HD 80606 b  |      3.41   |         111.78   |         0.439    |    0.927   |            |         0.008   |     58.38   |           G5     |      0.9   |      0.43    |        09 22 37  |       +50 36 13  |  
          HD 81040 b  |      6.86   |         1001.7   |          1.94    |    0.526   |            |      0.059582   |     32.56   |        G2/G3     |     0.96   |     -0.16    |        09 23 47  |       +20 21 52  |  
          HD 82943 b  |      1.75   |          441.2   |          1.19    |    0.219   |            |      0.043336   |     27.46   |           G0     |     1.15   |      0.27    |        09 34 50  |       -12 07 46  |  
          HD 82943 c  |      2.01   |            219   |         0.746    |    0.359   |            |      0.027167   |     27.46   |           G0     |     1.15   |      0.27    |        09 34 50  |       -12 07 46  |  
          HD 83443 b  |      0.41   |         2.9853   |          0.04    |     0.08   |            |         0.001   |     43.54   |         K0 V     |     0.79   |      0.33    |        09 37 11  |       -43 16 19  |  
           HD 8574 b  |      2.23   |          228.8   |          0.76    |      0.4   |            |         0.017   |     44.15   |           F8     |     1.04   |     -0.09    |        01 25 12  |       +28 34 00  |  
          HD 86081 b  |       1.5   |         2.1375   |         0.039    |    0.008   |            |      0.000429   |        91   |          F8V     |     1.21   |     0.257    |        09 56 06  |       -03 48 30  |  
          HD 88133 b  |      0.22   |           3.41   |         0.047    |     0.11   |            |      0.000631   |      74.5   |        G5 IV     |      1.2   |      0.34    |        10 10 07  |       +18 11 12  |  
          HD 89307 b  |      2.73   |           3090   |          4.15    |     0.27   |            |         0.126   |        33   |          G0V     |     1.27   |     -0.23    |        10 18 21  |       +12 37 15  |  
          HD 89744 b  |      7.99   |        256.605   |          0.89    |     0.67   |            |         0.022   |        40   |         F7 V     |      1.4   |      0.18    |        10 22 10  |       +41 13 46  |  
          HD 92788 b  |      3.86   |          377.7   |          0.97    |     0.27   |            |      0.029555   |     32.82   |           G5     |     1.06   |      0.24    |        10 42 48  |       -02 11 01  |  
          HD 93083 b  |      0.37   |         143.58   |         0.477    |     0.14   |            |         0.017   |      28.9   |         K3 V     |      0.7   |      0.15    |        10 44 20  |       -33 34 37  |  
          HD 99109 b  |     0.502   |          439.3   |         1.105    |     0.09   |            |      0.018264   |      60.5   |           K0     |     0.93   |     0.315    |        11 24 17  |       -01 31 44  |  
          HD 99492 b  |     0.109   |        17.0431   |        0.1232    |    0.254   |            |      0.006844   |        18   |          K2V     |     0.78   |      0.36    |        11 26 46  |       +03 00 22  |  
         HIP 14810 b  |      3.84   |          6.674   |        0.0692    |    0.148   |            |      0.001308   |      52.9   |           G5     |     0.99   |      0.23    |        03 11 14  |       +21 05 50  |  
         HIP 14810 c  |     0.951   |       113.8267   |         0.458    |   0.2806   |            |      0.008658   |      52.9   |           G5     |     0.99   |      0.23    |        03 11 14  |       +21 05 50  |  
         HIP 75458 b  |      8.82   |        511.098   |         1.275    |   0.7124   |            |      0.040476   |      31.5   |       K2 III     |     1.05   |      0.03    |        15 24 55  |       +58 57 57  |  
            HR 810 b  |      1.94   |        311.288   |          0.91    |     0.24   |            |       0.05871   |      15.5   |   G0V pecul.     |     1.11   |      0.25    |        02 42 31  |       -50 48 12  |  
      OGLE-05-071L b  |       0.9   |           2900   |           1.8    |            |            |      0.000621   |      2900   |                  |     0.13   |              |        17 50 09  |       -34 40 23  |  
      OGLE-05-169L b  |      0.04   |           3300   |           2.8    |            |            |      0.001037   |      2700   |                  |     0.49   |              |        18 06 05  |       -30 43 57  |  
      OGLE-05-390L b  |     0.017   |           3500   |           2.1    |            |            |      0.000323   |      6500   |            M     |     0.22   |              |        17 54 19  |       -30 22 38  |  
        OGLE-TR-10 b  |      0.54   |       3.101269   |       0.04162    |        0   |   86.46    |       2.8E-05   |      1500   |       G or K     |     1.22   |      0.12    |        17 51 28  |       -29 52 34  |  
       OGLE-TR-111 b  |      0.53   |      4.0144479   |         0.047    |        0   |    88.1    |       3.1E-05   |      1500   |       G or K     |     0.82   |      0.12    |         10 53 1  |       -61 24 20  |  
       OGLE-TR-113 b  |      1.32   |      1.4324757   |        0.0229    |        0   |    89.4    |       1.5E-05   |      1500   |            K     |     0.78   |      0.14    |        10 52 24  |       -61 26 48  |  
       OGLE-TR-132 b  |      1.19   |       1.689857   |        0.0306    |        0   |      85    |         2E-05   |      1500   |            F     |     1.35   |      0.43    |        10 50 34  |       -61 57 25  |  
        OGLE-TR-56 b  |      1.45   |      1.2119189   |        0.0225    |        0   |      81    |       1.5E-05   |      1500   |            G     |     1.04   |              |        17 56 35  |       -29 32 21  |  
     OGLE235-MOA53 b  |       2.6   |                  |           5.1    |            |            |      0.000981   |      5200   |                  |     0.63   |              |        18 05 16  |       -28 53 42  |  
       PSR 1257+12 b  |         0   |         25.262   |          0.19    |        0   |            |      0.000633   |       300   |                  |            |              |        13 00 03  |        12 40 57  |  
       PSR 1257+12 c  |     0.014   |        66.5419   |          0.36    |   0.0186   |      53    |        0.0012   |       300   |                  |            |              |        13 00 03  |        12 40 57  |  
       PSR 1257+12 d  |     0.012   |        98.2114   |          0.46    |   0.0252   |      47    |      0.001533   |       300   |                  |            |              |        13 00 03  |        12 40 57  |  
      PSR B1620-26 b  |       2.5   |          36525   |            23    |            |      55    |      0.006053   |      3800   |                  |     1.35   |              |        16 23 38  |       -26 31 53  |  
           rho CrB b  |      1.04   |         39.845   |          0.22    |     0.04   |            |      0.013174   |      16.7   |   G0V or G2V     |     0.95   |     -0.19    |        16 01 03  |       +33 18 51  |  
          SCR 1845 b  |       8.5   |                  |           4.5    |            |            |      1.168831   |      3.85   |       M8.5 V     |            |              |        18 45 07  |       -63 57 43  |  
         SWEEPS-04    |       3.8   |            4.2   |         0.055    |            |      87    |       2.8E-05   |      2000   |                  |     1.24   |              |        17 58 54  |       -29 11 21  |  
         SWEEPS-11    |       9.7   |          1.796   |          0.03    |            |      84    |       1.5E-05   |      2000   |                  |      1.1   |              |        17 59 03  |       -29 11 54  |  
           Tau Boo b  |       3.9   |         3.3135   |         0.046    |            |            |      0.003067   |        15   |         F7 V     |      1.3   |      0.28    |        13 47 17  |       +17 27 22  |  
            TrES-1    |      0.61   |       3.030065   |        0.0393    |    0.135   |    88.2    |       0.00025   |       157   |          K0V     |     0.87   |     0.001    |        19 04 09  |       +36 37 57  |  
            TrES-2    |      1.28   |        2.47063   |        0.0367    |        0   |    83.9    |                 |             |          G0V     |     1.08   |              |        19 07 14  |       +49 18 59  |  
           Ups And b  |      0.69   |        4.61708   |         0.059    |    0.029   |            |       0.00438   |     13.47   |         F8 V     |      1.3   |      0.13    |        01 36 48  |       +41 24 38  |  
           Ups And c  |      1.98   |         241.52   |          0.83    |    0.254   |            |      0.061618   |     13.47   |         F8 V     |      1.3   |      0.13    |        01 36 48  |       +41 24 38  |  
           Ups And d  |      3.95   |         1274.6   |          2.51    |    0.242   |            |       0.18634   |     13.47   |         F8 V     |      1.3   |      0.13    |        01 36 48  |       +41 24 38  |  
            WASP-1 b  |      0.89   |        2.51997   |        0.0382    |            |    83.9    |                 |             |          F7V     |     1.15   |              |        00 20 40  |       +31 59 24  |  
            WASP-2 b  |      0.88   |       2.152226   |        0.0307    |            |      87    |                 |             |          K1V     |     0.79   |              |        20 30 54  |       +06 25 46  |  
              XO-1 b  |       0.9   |       3.941534   |        0.0488    |            |   89.31    |      0.000244   |       200   |          G1V     |        1   |              |        16 02 12  |       +28 10 11  |  
